1 1 1.000000000000000e+036
1 2 -9.957056730769237e-037
2 1 -9.957056730769237e-037
1 3 -5.803397980769234e-036
3 1 -5.803397980769234e-036
1 4 -4.766240448189098e-037
4 1 -4.766240448189098e-037
1 5 -7.040702403846155e-037
5 1 -7.040702403846155e-037
1 6 8.352389719038111e-053
6 1 8.352389719038111e-053
1 7 -7.255713009615388e-036
7 1 -7.255713009615388e-036
1 8 1.699775913461539e-036
8 1 1.699775913461539e-036
1 9 1.359820730769232e-036
9 1 1.359820730769232e-036
1 19 -4.766240448189098e-037
19 1 -4.766240448189098e-037
1 20 7.040702403846156e-037
20 1 7.040702403846156e-037
1 21 -8.352389719038111e-053
21 1 -8.352389719038111e-053
1 22 -4.196116365384617e-036
22 1 -4.196116365384617e-036
1 24 2.039731096153848e-036
24 1 2.039731096153848e-036
1 58 -6.551642805739924e-036
58 1 -6.551642805739924e-036
1 59 2.403846153846155e-036
59 1 2.403846153846155e-036
1 60 9.615384615384620e-037
60 1 9.615384615384620e-037
1 97 -9.766206000000004e-036
97 1 -9.766206000000004e-036
1 98 1.670477943807622e-052
98 1 1.670477943807622e-052
1 99 5.803397980769234e-036
99 1 5.803397980769234e-036
1 139 4.759372573665064e-036
139 1 4.759372573665064e-036
1 140 2.403846153846155e-036
140 1 2.403846153846155e-036
1 181 -4.288610688561584e-036
181 1 -4.288610688561584e-036
1 182 3.107916394230771e-036
182 1 3.107916394230771e-036
1 183 1.442307692307693e-036
183 1 1.442307692307693e-036
1 220 -4.196116365384617e-036
220 1 -4.196116365384617e-036
1 221 9.134506779813404e-053
221 1 9.134506779813404e-053
1 222 -3.399551826923079e-036
222 1 -3.399551826923079e-036
1 223 1.699775929434293e-036
223 1 1.699775929434293e-036
1 224 -7.040702403846157e-037
224 1 -7.040702403846157e-037
1 225 8.352389719038111e-053
225 1 8.352389719038111e-053
1 340 -2.880470219201463e-036
340 1 -2.880470219201463e-036
1 341 -3.107916394230771e-036
341 1 -3.107916394230771e-036
1 342 -1.442307692307693e-036
342 1 -1.442307692307693e-036
1 364 -4.288610688561584e-036
364 1 -4.288610688561584e-036
1 365 -3.107916394230771e-036
365 1 -3.107916394230771e-036
1 366 1.442307692307693e-036
366 1 1.442307692307693e-036
1 415 7.040702244118610e-037
415 1 7.040702244118610e-037
1 416 1.699775913461539e-036
416 1 1.699775913461539e-036
1 417 -2.403846153846155e-036
417 1 -2.403846153846155e-036
1 538 6.557504903846161e-037
538 1 6.557504903846161e-037
1 539 -1.699775913461539e-036
539 1 -1.699775913461539e-036
1 540 2.403846153846155e-036
540 1 2.403846153846155e-036
1 619 7.040702244118610e-037
619 1 7.040702244118610e-037
1 620 -1.699775913461539e-036
620 1 -1.699775913461539e-036
1 621 -2.403846153846155e-036
621 1 -2.403846153846155e-036
2 2 1.000000000000000e+036
2 3 2.403846153846155e-036
3 2 2.403846153846155e-036
2 4 -7.040702403846156e-037
4 2 -7.040702403846156e-037
2 5 -6.692456821871338e-036
5 2 -6.692456821871338e-036
2 6 2.039731096153848e-036
6 2 2.039731096153848e-036
2 7 1.699775913461539e-036
7 2 1.699775913461539e-036
2 8 -2.448020701923079e-036
8 2 -2.448020701923079e-036
2 19 7.040702403846156e-037
19 2 7.040702403846156e-037
2 20 -6.692456821871338e-036
20 2 -6.692456821871338e-036
2 21 -2.039731096153848e-036
21 2 -2.039731096153848e-036
2 23 6.115759423076918e-037
23 2 6.115759423076918e-037
2 58 2.403846153846155e-036
58 2 2.403846153846155e-036
2 59 -3.152090967407736e-036
59 2 -3.152090967407736e-036
2 60 -9.615384615384620e-037
60 2 -9.615384615384620e-037
2 97 1.670477943807622e-052
97 2 1.670477943807622e-052
2 98 -9.766206000000004e-036
98 2 -9.766206000000004e-036
2 99 -2.403846153846156e-036
99 2 -2.403846153846156e-036
2 139 2.403846153846155e-036
139 2 2.403846153846155e-036
2 140 1.359820735332876e-036
140 2 1.359820735332876e-036
2 141 -3.399551826923079e-036
141 2 -3.399551826923079e-036
2 181 3.107916394230771e-036
181 2 3.107916394230771e-036
2 182 -2.880470219201463e-036
182 2 -2.880470219201463e-036
2 183 -1.442307692307693e-036
183 2 -1.442307692307693e-036
2 220 1.913476327023214e-053
220 2 1.913476327023214e-053
2 221 6.115759423076914e-037
221 2 6.115759423076914e-037
2 223 -7.040702403846155e-037
223 2 -7.040702403846155e-037
2 224 -1.699775908897895e-036
224 2 -1.699775908897895e-036
2 225 3.399551826923079e-036
225 2 3.399551826923079e-036
2 340 -3.107916394230771e-036
340 2 -3.107916394230771e-036
2 341 -4.288610688561583e-036
341 2 -4.288610688561583e-036
2 342 -1.442307692307693e-036
342 2 -1.442307692307693e-036
2 364 -3.107916394230771e-036
364 2 -3.107916394230771e-036
2 365 -2.880470219201462e-036
365 2 -2.880470219201462e-036
2 366 1.442307692307693e-036
366 2 1.442307692307693e-036
2 415 1.699775913461539e-036
415 2 1.699775913461539e-036
2 416 -7.040702449482596e-037
416 2 -7.040702449482596e-037
2 417 2.403846153846155e-036
417 2 2.403846153846155e-036
2 538 -1.699775913461540e-036
538 2 -1.699775913461540e-036
2 539 5.463442798076924e-036
539 2 5.463442798076924e-036
2 540 2.403846153846155e-036
540 2 2.403846153846155e-036
2 619 -1.699775913461540e-036
619 2 -1.699775913461540e-036
2 620 -7.040702449482596e-037
620 2 -7.040702449482596e-037
2 621 -2.403846153846155e-036
621 2 -2.403846153846155e-036
3 3 1.000000000000000e+036
3 4 4.176194859519056e-053
4 3 4.176194859519056e-053
3 5 1.359820730769232e-036
5 3 1.359820730769232e-036
3 6 -1.593129081486722e-036
6 3 -1.593129081486722e-036
3 7 2.039731096153848e-036
7 3 2.039731096153848e-036
3 9 -2.156385269230771e-036
9 3 -2.156385269230771e-036
3 19 -4.176194859519056e-053
19 3 -4.176194859519056e-053
3 20 -1.359820730769232e-036
20 3 -1.359820730769232e-036
3 21 -1.593129081486722e-036
21 3 -1.593129081486722e-036
3 22 1.359820730769232e-036
22 3 1.359820730769232e-036
3 24 -7.965645384615391e-037
24 3 -7.965645384615391e-037
3 58 1.442307692307693e-036
58 3 1.442307692307693e-036
3 59 -1.442307692307693e-036
59 3 -1.442307692307693e-036
3 60 -2.156385282921703e-036
60 3 -2.156385282921703e-036
3 97 5.803397980769234e-036
97 3 5.803397980769234e-036
3 98 -2.403846153846155e-036
98 3 -2.403846153846155e-036
3 99 -2.096056715384617e-035
99 3 -2.096056715384617e-035
3 140 -3.399551826923079e-036
140 3 -3.399551826923079e-036
3 141 1.359820735332876e-036
141 3 1.359820735332876e-036
3 181 9.615384615384620e-037
181 3 9.615384615384620e-037
3 182 -9.615384615384620e-037
182 3 -9.615384615384620e-037
3 183 -1.593129090614010e-036
183 3 -1.593129090614010e-036
3 220 -3.399551826923079e-036
220 3 -3.399551826923079e-036
3 221 -4.176194859519056e-053
221 3 -4.176194859519056e-053
3 222 -7.965645384615391e-037
222 3 -7.965645384615391e-037
3 223 4.176194859519056e-053
223 3 4.176194859519056e-053
3 224 3.399551826923079e-036
224 3 3.399551826923079e-036
3 225 4.563643966406428e-045
225 3 4.563643966406428e-045
3 340 -9.615384615384620e-037
340 3 -9.615384615384620e-037
3 341 -9.615384615384620e-037
341 3 -9.615384615384620e-037
3 342 -1.593129090614010e-036
342 3 -1.593129090614010e-036
3 364 9.615384615384620e-037
364 3 9.615384615384620e-037
3 365 9.615384615384620e-037
365 3 9.615384615384620e-037
3 366 -1.593129090614010e-036
366 3 -1.593129090614010e-036
3 415 -2.403846153846155e-036
415 3 -2.403846153846155e-036
3 416 2.403846153846155e-036
416 3 2.403846153846155e-036
3 417 -4.563644137868762e-045
417 3 -4.563644137868762e-045
3 538 2.403846153846155e-036
538 3 2.403846153846155e-036
3 539 2.403846153846155e-036
539 3 2.403846153846155e-036
3 540 1.359820730769232e-036
540 3 1.359820730769232e-036
3 619 -2.403846153846155e-036
619 3 -2.403846153846155e-036
3 620 -2.403846153846155e-036
620 3 -2.403846153846155e-036
3 621 -4.563644152525168e-045
621 3 -4.563644152525168e-045
4 4 1.000000000000000e+036
4 5 7.040702403846156e-037
5 4 7.040702403846156e-037
4 6 -2.403846153846155e-036
6 4 -2.403846153846155e-036
4 58 -3.365384615384616e-036
58 4 -3.365384615384616e-036
4 59 -9.615384615384620e-037
59 4 -9.615384615384620e-037
4 60 9.615384615384620e-037
60 4 9.615384615384620e-037
4 139 -2.753808689049680e-036
139 4 -2.753808689049680e-036
4 140 -9.615384615384622e-037
140 4 -9.615384615384622e-037
4 141 2.403846153846155e-036
141 4 2.403846153846155e-036
4 364 -3.365384615384616e-036
364 4 -3.365384615384616e-036
4 365 9.615384615384620e-037
365 4 9.615384615384620e-037
4 366 1.019865548076924e-036
366 4 1.019865548076924e-036
4 619 1.393987958280447e-036
619 4 1.393987958280447e-036
4 620 9.615384615384622e-037
620 4 9.615384615384622e-037
4 621 -1.981404009615386e-036
621 4 -1.981404009615386e-036
5 5 1.000000000000000e+036
5 6 -3.399551826923079e-036
6 5 -3.399551826923079e-036
5 58 -1.442307692307693e-036
58 5 -1.442307692307693e-036
5 59 -9.615384615384620e-037
59 5 -9.615384615384620e-037
5 139 -1.442307692307693e-036
139 5 -1.442307692307693e-036
5 140 -1.758103004563645e-036
140 5 -1.758103004563645e-036
5 141 2.039731096153848e-036
141 5 2.039731096153848e-036
5 364 1.442307692307693e-036
364 5 1.442307692307693e-036
5 365 -9.615384615384620e-037
365 5 -9.615384615384620e-037
5 366 -1.019865548076924e-036
366 5 -1.019865548076924e-036
5 619 1.442307692307693e-036
619 5 1.442307692307693e-036
5 620 3.982822737944135e-037
620 5 3.982822737944135e-037
5 621 1.019865548076924e-036
621 5 1.019865548076924e-036
6 6 1.000000000000000e+036
6 58 1.442307692307693e-036
58 6 1.442307692307693e-036
6 60 -9.615384615384620e-037
60 6 -9.615384615384620e-037
6 139 2.403846153846155e-036
139 6 2.403846153846155e-036
6 140 1.359820730769232e-036
140 6 1.359820730769232e-036
6 141 -5.157654831486723e-036
141 6 -5.157654831486723e-036
6 364 6.799103653846158e-037
364 6 6.799103653846158e-037
6 365 -6.799103653846158e-037
365 6 -6.799103653846158e-037
6 366 -9.615384615384620e-037
366 6 -9.615384615384620e-037
6 619 -2.122218057692309e-036
619 6 -2.122218057692309e-036
6 620 6.799103653846158e-037
620 6 6.799103653846158e-037
6 621 3.982822737944135e-037
621 6 3.982822737944135e-037
7 7 1.000000000000000e+036
7 58 -4.021135105769233e-036
58 7 -4.021135105769233e-036
7 59 -3.142083605769232e-036
59 7 -3.142083605769232e-036
7 60 1.019865548076924e-036
60 7 1.019865548076924e-036
7 97 -1.136519721153847e-036
97 7 -1.136519721153847e-036
7 98 -1.699775913461539e-036
98 7 -1.699775913461539e-036
7 99 -3.399551826923079e-036
99 7 -3.399551826923079e-036
7 100 -1.359820730769232e-036
100 7 -1.359820730769232e-036
7 101 1.415347766871194e-052
101 7 1.415347766871194e-052
7 102 1.359820730769232e-036
102 7 1.359820730769232e-036
7 340 -9.615384615384620e-037
340 7 -9.615384615384620e-037
7 341 1.442307692307693e-036
341 7 1.442307692307693e-036
7 342 1.019865548076924e-036
342 7 1.019865548076924e-036
7 376 2.098058182692309e-036
376 7 2.098058182692309e-036
7 377 2.574682211538465e-037
377 7 2.574682211538465e-037
7 378 -1.019865548076924e-036
378 7 -1.019865548076924e-036
7 538 -9.615384615384620e-037
538 7 -9.615384615384620e-037
7 539 1.442307692307693e-036
539 7 1.442307692307693e-036
7 540 -1.019865548076924e-036
540 7 -1.019865548076924e-036
8 8 1.000000000000000e+036
8 9 3.538369417177985e-052
9 8 3.538369417177985e-052
8 58 -2.661314375000001e-036
58 8 -2.661314375000001e-036
8 59 -6.424981259615386e-036
59 8 -6.424981259615386e-036
8 60 1.019865548076924e-036
60 8 1.019865548076924e-036
8 97 -1.699775913461540e-036
97 8 -1.699775913461540e-036
8 98 3.671172586538461e-036
98 8 3.671172586538461e-036
8 99 -1.670477943807622e-052
99 8 -1.670477943807622e-052
8 100 2.123021650306791e-052
100 8 2.123021650306791e-052
8 101 -1.359820730769232e-036
101 8 -1.359820730769232e-036
8 102 -2.505716915711433e-052
102 8 -2.505716915711433e-052
8 340 9.615384615384620e-037
340 8 9.615384615384620e-037
8 341 -3.365384615384616e-036
341 8 -3.365384615384616e-036
8 342 -1.019865548076924e-036
342 8 -1.019865548076924e-036
8 376 7.382374519230775e-037
376 8 7.382374519230775e-037
8 377 -3.057879711538459e-037
377 8 -3.057879711538459e-037
8 378 -1.981404009615386e-036
378 8 -1.981404009615386e-036
8 538 9.615384615384622e-037
538 8 9.615384615384622e-037
8 539 -3.365384615384616e-036
539 8 -3.365384615384616e-036
8 540 1.981404009615386e-036
540 8 1.981404009615386e-036
9 9 1.000000000000000e+036
9 58 6.799103653846158e-037
58 9 6.799103653846158e-037
9 59 6.799103653846158e-037
59 9 6.799103653846158e-037
9 60 -2.321359192307694e-036
60 9 -2.321359192307694e-036
9 97 -3.399551826923079e-036
97 9 -3.399551826923079e-036
9 98 -2.505716915711433e-052
98 9 -2.505716915711433e-052
9 99 5.632561923076922e-037
99 9 5.632561923076922e-037
9 100 2.039731096153848e-036
100 9 2.039731096153848e-036
9 101 -1.670477943807622e-052
101 9 -1.670477943807622e-052
9 102 -4.759372557692310e-036
102 9 -4.759372557692310e-036
9 340 6.799103653846158e-037
340 9 6.799103653846158e-037
9 341 -6.799103653846158e-037
341 9 -6.799103653846158e-037
9 342 -9.615384615384620e-037
342 9 -9.615384615384620e-037
9 376 -6.799103653846158e-037
376 9 -6.799103653846158e-037
9 377 -2.122218057692309e-036
377 9 -2.122218057692309e-036
9 378 3.982822692307696e-037
378 9 3.982822692307696e-037
9 538 -6.799103653846158e-037
538 9 -6.799103653846158e-037
9 539 2.122218057692309e-036
539 9 2.122218057692309e-036
9 540 -9.615384615384620e-037
540 9 -9.615384615384620e-037
10 10 5.974419282631564e-035
10 11 -1.494410764537338e-036
11 10 -1.494410764537338e-036
10 12 -1.101167161936528e-035
12 10 -1.101167161936528e-035
10 13 -1.145182937500001e-035
13 10 -1.145182937500001e-035
10 14 1.699775913461539e-036
14 10 1.699775913461539e-036
10 15 3.399551826923079e-036
15 10 3.399551826923079e-036
10 16 -2.107141732400072e-036
16 10 -2.107141732400072e-036
10 17 -1.677706919013384e-036
17 10 -1.677706919013384e-036
10 18 -6.246679304665734e-038
18 10 -6.246679304665734e-038
10 25 -1.104949733067917e-035
25 10 -1.104949733067917e-035
10 26 -2.274341433723590e-037
26 10 -2.274341433723590e-037
10 27 2.747342620414883e-036
27 10 2.747342620414883e-036
10 28 -1.836444759615388e-036
28 10 -1.836444759615388e-036
10 29 1.699775913461540e-036
29 10 1.699775913461540e-036
10 30 1.670477943807622e-052
30 10 1.670477943807622e-052
10 61 -1.217005215384616e-035
61 10 -1.217005215384616e-035
10 63 8.207244134615389e-036
63 10 8.207244134615389e-036
10 136 -4.196116365384617e-036
136 10 -4.196116365384617e-036
10 138 -3.399551826923079e-036
138 10 -3.399551826923079e-036
10 178 -6.080880920636445e-036
178 10 -6.080880920636445e-036
10 179 5.511762548076926e-036
179 10 5.511762548076926e-036
10 180 2.403846153846155e-036
180 10 2.403846153846155e-036
10 262 -4.672740451276324e-036
262 10 -4.672740451276324e-036
10 263 5.511762548076926e-036
263 10 5.511762548076926e-036
10 264 2.403846153846155e-036
264 10 2.403846153846155e-036
10 265 -7.169080907763045e-036
265 10 -7.169080907763045e-036
10 266 -6.215832788461541e-036
266 10 -6.215832788461541e-036
10 268 6.115759423076916e-037
268 10 6.115759423076916e-037
10 270 -1.670477943807622e-052
270 10 -1.670477943807622e-052
10 277 -5.311653832236094e-036
277 10 -5.311653832236094e-036
10 278 2.403846153846155e-036
278 10 2.403846153846155e-036
10 279 3.763382791666670e-036
279 10 3.763382791666670e-036
10 286 -1.980187344915180e-036
286 10 -1.980187344915180e-036
10 287 -3.570694503205129e-036
287 10 -3.570694503205129e-036
10 288 1.356549461868844e-036
288 10 1.356549461868844e-036
10 289 1.684154476487197e-036
289 10 1.684154476487197e-036
10 290 -1.236997804487180e-036
290 10 -1.236997804487180e-036
10 291 -2.596534442307694e-036
291 10 -2.596534442307694e-036
10 412 5.463442798076925e-036
412 10 5.463442798076925e-036
10 413 1.699775913461539e-036
413 10 1.699775913461539e-036
10 414 -2.403846153846155e-036
414 10 -2.403846153846155e-036
10 454 6.557504903846160e-037
454 10 6.557504903846160e-037
10 455 -1.699775913461540e-036
455 10 -1.699775913461540e-036
10 456 2.403846153846155e-036
456 10 2.403846153846155e-036
10 463 -7.040702449482597e-037
463 10 -7.040702449482597e-037
10 464 1.699775913461539e-036
464 10 1.699775913461539e-036
10 465 -2.403846153846155e-036
465 10 -2.403846153846155e-036
10 502 5.463442798076925e-036
502 10 5.463442798076925e-036
10 503 -1.699775913461539e-036
503 10 -1.699775913461539e-036
10 504 -2.403846153846155e-036
504 10 -2.403846153846155e-036
10 652 -4.892863912948217e-036
652 10 -4.892863912948217e-036
10 653 -2.403846153846154e-036
653 10 -2.403846153846154e-036
10 654 -2.403846153846154e-036
654 10 -2.403846153846154e-036
11 11 6.201803582479792e-035
11 12 7.461357863751644e-036
12 11 7.461357863751644e-036
11 13 1.699775913461540e-036
13 11 1.699775913461540e-036
11 14 -1.836444759615388e-036
14 11 -1.836444759615388e-036
11 15 -2.505716915711433e-052
15 11 -2.505716915711433e-052
11 16 -1.677706919013384e-036
16 11 -1.677706919013384e-036
11 17 -1.187042984889034e-035
17 11 -1.187042984889034e-035
11 18 -1.508081781071886e-037
18 11 -1.508081781071886e-037
11 25 -2.274341433723586e-037
25 11 -2.274341433723586e-037
11 26 -4.481820506113939e-037
26 11 -4.481820506113939e-037
11 27 6.522092065081958e-037
27 11 6.522092065081958e-037
11 28 1.699775913461540e-036
28 11 1.699775913461540e-036
11 29 -1.145182937500000e-035
29 11 -1.145182937500000e-035
11 30 -3.399551826923079e-036
30 11 -3.399551826923079e-036
11 62 -7.362359846153850e-036
62 11 -7.362359846153850e-036
11 63 -2.505716915711433e-052
63 11 -2.505716915711433e-052
11 136 8.352389719038111e-053
136 11 8.352389719038111e-053
11 137 6.115759423076918e-037
137 11 6.115759423076918e-037
11 138 1.670477943807622e-052
138 11 1.670477943807622e-052
11 178 5.511762548076926e-036
178 11 5.511762548076926e-036
11 179 -4.672740451276324e-036
179 11 -4.672740451276324e-036
11 180 -2.403846153846155e-036
180 11 -2.403846153846155e-036
11 262 5.511762548076926e-036
262 11 5.511762548076926e-036
11 263 -6.080880920636443e-036
263 11 -6.080880920636443e-036
11 264 -2.403846153846155e-036
264 11 -2.403846153846155e-036
11 265 -6.215832788461541e-036
265 11 -6.215832788461541e-036
11 266 -7.169080907763045e-036
266 11 -7.169080907763045e-036
11 267 -8.352389719038111e-053
267 11 -8.352389719038111e-053
11 268 -8.352389719038111e-053
268 11 -8.352389719038111e-053
11 269 -4.196116365384617e-036
269 11 -4.196116365384617e-036
11 270 3.399551826923079e-036
270 11 3.399551826923079e-036
11 277 2.403846153846155e-036
277 11 2.403846153846155e-036
11 278 -7.994782750920676e-036
278 11 -7.994782750920676e-036
11 279 -6.450653371794874e-036
279 11 -6.450653371794874e-036
11 286 -3.570694503205130e-036
286 11 -3.570694503205130e-036
11 287 -1.980187344915180e-036
287 11 -1.980187344915180e-036
11 288 1.481483046949915e-036
288 11 1.481483046949915e-036
11 289 -1.236997804487180e-036
289 11 -1.236997804487180e-036
11 290 5.894540667705188e-036
290 11 5.894540667705188e-036
11 291 -5.897424134615390e-037
291 11 -5.897424134615390e-037
11 412 1.699775913461539e-036
412 11 1.699775913461539e-036
11 413 6.557504903846161e-037
413 11 6.557504903846161e-037
11 414 2.403846153846155e-036
414 11 2.403846153846155e-036
11 454 -1.699775913461539e-036
454 11 -1.699775913461539e-036
11 455 5.463442798076925e-036
455 11 5.463442798076925e-036
11 456 2.403846153846155e-036
456 11 2.403846153846155e-036
11 463 1.699775913461539e-036
463 11 1.699775913461539e-036
11 464 7.040702244118612e-037
464 11 7.040702244118612e-037
11 465 2.403846153846155e-036
465 11 2.403846153846155e-036
11 502 -1.699775913461539e-036
502 11 -1.699775913461539e-036
11 503 6.557504903846161e-037
503 11 6.557504903846161e-037
11 504 -2.403846153846155e-036
504 11 -2.403846153846155e-036
11 652 -2.403846153846154e-036
652 11 -2.403846153846154e-036
11 653 -1.094013181690155e-035
653 11 -1.094013181690155e-035
11 654 -2.403846153846154e-036
654 11 -2.403846153846154e-036
12 12 6.003857718885329e-035
12 13 3.399551826923079e-036
13 12 3.399551826923079e-036
12 14 -8.352389719038111e-053
14 12 -8.352389719038111e-053
12 15 -2.952949807692310e-036
15 12 -2.952949807692310e-036
12 16 -6.246679304665759e-038
16 12 -6.246679304665759e-038
12 17 -1.508081781071885e-037
17 12 -1.508081781071885e-037
12 18 -3.271563156603120e-036
18 12 -3.271563156603120e-036
12 25 2.747342620414883e-036
25 12 2.747342620414883e-036
12 26 6.522092065081958e-037
26 12 6.522092065081958e-037
12 27 -2.409338847787705e-036
27 12 -2.409338847787705e-036
12 28 3.340955887615245e-052
28 12 3.340955887615245e-052
12 29 -3.399551826923079e-036
29 12 -3.399551826923079e-036
12 30 -2.952949807692310e-036
30 12 -2.952949807692310e-036
12 61 8.207244134615389e-036
61 12 8.207244134615389e-036
12 62 -4.176194859519056e-052
62 12 -4.176194859519056e-052
12 63 -2.096056715384617e-035
63 12 -2.096056715384617e-035
12 136 -3.399551826923079e-036
136 12 -3.399551826923079e-036
12 137 8.352389719038111e-053
137 12 8.352389719038111e-053
12 138 -7.965645384615391e-037
138 12 -7.965645384615391e-037
12 178 2.403846153846155e-036
178 12 2.403846153846155e-036
12 179 -2.403846153846155e-036
179 12 -2.403846153846155e-036
12 180 -2.389693638202838e-036
180 12 -2.389693638202838e-036
12 262 2.403846153846155e-036
262 12 2.403846153846155e-036
12 263 -2.403846153846155e-036
263 12 -2.403846153846155e-036
12 264 -2.389693638202838e-036
264 12 -2.389693638202838e-036
12 265 -8.352389719038111e-053
265 12 -8.352389719038111e-053
12 267 -3.186258181228020e-036
267 12 -3.186258181228020e-036
12 268 -3.340955887615245e-052
268 12 -3.340955887615245e-052
12 269 3.399551826923079e-036
269 12 3.399551826923079e-036
12 270 -7.965645384615393e-037
270 12 -7.965645384615393e-037
12 277 3.763382791666669e-036
277 12 3.763382791666669e-036
12 278 -6.450653371794874e-036
278 12 -6.450653371794874e-036
12 279 -1.787475508578698e-035
279 12 -1.787475508578698e-035
12 286 1.356549461868844e-036
286 12 1.356549461868844e-036
12 287 1.481483046949915e-036
287 12 1.481483046949915e-036
12 288 1.204009836154092e-036
288 12 1.204009836154092e-036
12 289 -2.596534442307694e-036
289 12 -2.596534442307694e-036
12 290 -5.897424134615395e-037
290 12 -5.897424134615395e-037
12 291 1.684154476487197e-036
291 12 1.684154476487197e-036
12 412 -2.403846153846155e-036
412 12 -2.403846153846155e-036
12 413 2.403846153846155e-036
413 12 2.403846153846155e-036
12 414 1.359820730769232e-036
414 12 1.359820730769232e-036
12 454 2.403846153846155e-036
454 12 2.403846153846155e-036
12 455 2.403846153846155e-036
455 12 2.403846153846155e-036
12 456 1.359820730769232e-036
456 12 1.359820730769232e-036
12 463 -2.403846153846155e-036
463 12 -2.403846153846155e-036
12 464 2.403846153846155e-036
464 12 2.403846153846155e-036
12 465 -4.563644093899543e-045
465 12 -4.563644093899543e-045
12 502 -2.403846153846155e-036
502 12 -2.403846153846155e-036
12 503 -2.403846153846155e-036
503 12 -2.403846153846155e-036
12 504 1.359820730769232e-036
504 12 1.359820730769232e-036
12 652 -2.403846153846154e-036
652 12 -2.403846153846154e-036
12 653 -2.403846153846154e-036
653 12 -2.403846153846154e-036
12 654 -7.025305295273251e-036
654 12 -7.025305295273251e-036
13 13 1.937744541802519e-035
13 14 -1.699775913461539e-036
14 13 -1.699775913461539e-036
13 15 -3.399551826923079e-036
15 13 -3.399551826923079e-036
13 136 -1.359820730769232e-036
136 13 -1.359820730769232e-036
13 138 2.039731096153848e-036
138 13 2.039731096153848e-036
13 178 -3.282897658409799e-036
178 13 -3.282897658409799e-036
13 179 -2.884615384615386e-036
179 13 -2.884615384615386e-036
13 265 -1.923076923076924e-036
265 13 -1.923076923076924e-036
13 266 2.884615384615386e-036
266 13 2.884615384615386e-036
13 267 1.019865548076924e-036
267 13 1.019865548076924e-036
13 271 -1.758103004563645e-036
271 13 -1.758103004563645e-036
13 272 9.615384615384620e-037
272 13 9.615384615384620e-037
13 273 1.359820730769232e-036
273 13 1.359820730769232e-036
13 277 1.359820735332875e-036
277 13 1.359820735332875e-036
13 278 -2.403846153846155e-036
278 13 -2.403846153846155e-036
13 279 -3.399551826923079e-036
279 13 -3.399551826923079e-036
13 454 -9.615384615384622e-037
454 13 -9.615384615384622e-037
13 455 1.442307692307693e-036
455 13 1.442307692307693e-036
13 456 -1.019865548076924e-036
456 13 -1.019865548076924e-036
14 14 2.277699725635738e-035
14 15 2.403846153846155e-036
15 14 2.403846153846155e-036
14 137 -1.359820730769232e-036
137 14 -1.359820730769232e-036
14 178 -1.923076923076924e-036
178 14 -1.923076923076924e-036
14 179 -1.149014180443430e-035
179 14 -1.149014180443430e-035
14 265 1.923076923076924e-036
265 14 1.923076923076924e-036
14 266 -6.730769230769233e-036
266 14 -6.730769230769233e-036
14 267 -1.981404009615386e-036
267 14 -1.981404009615386e-036
14 271 1.442307692307693e-036
271 14 1.442307692307693e-036
14 272 -2.753808689049679e-036
272 14 -2.753808689049679e-036
14 273 -2.403846153846155e-036
273 14 -2.403846153846155e-036
14 277 -2.403846153846155e-036
277 14 -2.403846153846155e-036
14 278 4.759372573665063e-036
278 14 4.759372573665063e-036
14 454 9.615384615384622e-037
454 14 9.615384615384622e-037
14 455 -3.365384615384617e-036
455 14 -3.365384615384617e-036
14 456 1.981404009615386e-036
456 14 1.981404009615386e-036
15 15 1.767766950456365e-035
15 136 1.359820730769232e-036
136 15 1.359820730769232e-036
15 138 -4.759372557692310e-036
138 15 -4.759372557692310e-036
15 179 3.340955887615245e-052
179 15 3.340955887615245e-052
15 180 -3.282897658409799e-036
180 15 -3.282897658409799e-036
15 265 6.799103653846158e-037
265 15 6.799103653846158e-037
15 266 -2.122218057692309e-036
266 15 -2.122218057692309e-036
15 267 -1.923076923076924e-036
267 15 -1.923076923076924e-036
15 271 2.039731096153848e-036
271 15 2.039731096153848e-036
15 272 -2.403846153846155e-036
272 15 -2.403846153846155e-036
15 273 -5.157654831486723e-036
273 15 -5.157654831486723e-036
15 277 -3.399551826923079e-036
277 15 -3.399551826923079e-036
15 278 -8.352389719038111e-053
278 15 -8.352389719038111e-053
15 279 1.359820735332875e-036
279 15 1.359820735332875e-036
15 454 -6.799103653846158e-037
454 15 -6.799103653846158e-037
15 455 2.122218057692309e-036
455 15 2.122218057692309e-036
15 456 -9.615384615384622e-037
456 15 -9.615384615384622e-037
16 16 3.022907314482954e-035
16 17 3.741289054752461e-036
17 16 3.741289054752461e-036
16 18 -1.728771725553448e-037
18 16 -1.728771725553448e-037
16 61 4.759372573665064e-036
61 16 4.759372573665064e-036
16 62 2.403846153846155e-036
62 16 2.403846153846155e-036
16 175 -2.753808689049679e-036
175 16 -2.753808689049679e-036
16 176 -1.442307692307693e-036
176 16 -1.442307692307693e-036
16 177 2.403846153846155e-036
177 16 2.403846153846155e-036
16 178 -9.790365875000004e-036
178 16 -9.790365875000004e-036
16 179 -3.622852836538463e-036
179 16 -3.622852836538463e-036
16 277 3.976761333159155e-036
277 16 3.976761333159155e-036
16 278 -4.627781089743602e-037
278 16 -4.627781089743602e-037
16 279 8.030173846153852e-037
279 16 8.030173846153852e-037
16 280 -2.795482588485675e-036
280 16 -2.795482588485675e-036
16 281 -1.550918256254310e-036
281 16 -1.550918256254310e-036
16 282 -2.381777159397999e-036
282 16 -2.381777159397999e-036
16 286 -1.324222845548816e-035
286 16 -1.324222845548816e-035
16 287 2.071328018690117e-037
287 16 2.071328018690117e-037
16 288 1.110033500000000e-036
288 16 1.110033500000000e-036
16 412 -3.365384615384616e-036
412 16 -3.365384615384616e-036
16 413 -9.615384615384620e-037
413 16 -9.615384615384620e-037
16 414 -1.981404009615386e-036
414 16 -1.981404009615386e-036
16 457 -3.057879711538459e-037
457 16 -3.057879711538459e-037
16 458 7.382374519230775e-037
458 16 7.382374519230775e-037
16 459 1.981404009615386e-036
459 16 1.981404009615386e-036
16 652 -4.605007124691717e-036
652 16 -4.605007124691717e-036
16 653 2.627596812235969e-036
653 16 2.627596812235969e-036
16 654 -1.699775913461538e-036
654 16 -1.699775913461538e-036
17 17 2.414174517101367e-035
17 18 3.861521437091900e-037
18 17 3.861521437091900e-037
17 61 2.403846153846155e-036
61 17 2.403846153846155e-036
17 62 1.359820735332876e-036
62 17 1.359820735332876e-036
17 63 -3.399551826923079e-036
63 17 -3.399551826923079e-036
17 175 -9.615384615384620e-037
175 17 -9.615384615384620e-037
17 176 -1.758103004563645e-036
176 17 -1.758103004563645e-036
17 177 1.359820730769232e-036
177 17 1.359820730769232e-036
17 178 -4.584391298076925e-036
178 17 -4.584391298076925e-036
17 179 -4.982673567307695e-036
179 17 -4.982673567307695e-036
17 277 -4.627781089743598e-037
277 17 -4.627781089743598e-037
17 278 -1.049208650690792e-036
278 17 -1.049208650690792e-036
17 279 2.809809413461540e-036
279 17 2.809809413461540e-036
17 280 -1.070149025485079e-036
280 17 -1.070149025485079e-036
17 281 -2.150223863140569e-036
281 17 -2.150223863140569e-036
17 282 -1.595164696371232e-036
282 17 -1.595164696371232e-036
17 286 1.168671263407474e-036
286 17 1.168671263407474e-036
17 287 -4.295016421169215e-036
287 17 -4.295016421169215e-036
17 288 -1.110033500000000e-036
288 17 -1.110033500000000e-036
17 412 -1.442307692307693e-036
412 17 -1.442307692307693e-036
17 413 -9.615384615384620e-037
413 17 -9.615384615384620e-037
17 414 -1.019865548076924e-036
414 17 -1.019865548076924e-036
17 457 2.574682211538465e-037
457 17 2.574682211538465e-037
17 458 2.098058182692309e-036
458 17 2.098058182692309e-036
17 459 1.019865548076924e-036
459 17 1.019865548076924e-036
17 652 2.627596812235969e-036
652 17 2.627596812235969e-036
17 653 -5.324302717381343e-037
653 17 -5.324302717381343e-037
17 654 1.699775913461538e-036
654 17 1.699775913461538e-036
18 18 2.061043071751842e-035
18 61 -8.352389719038111e-053
61 18 -8.352389719038111e-053
18 62 -3.399551826923079e-036
62 18 -3.399551826923079e-036
18 63 1.359820735332876e-036
63 18 1.359820735332876e-036
18 175 2.403846153846155e-036
175 18 2.403846153846155e-036
18 176 2.039731096153848e-036
176 18 2.039731096153848e-036
18 177 -5.157654831486723e-036
177 18 -5.157654831486723e-036
18 180 -3.282897653846155e-036
180 18 -3.282897653846155e-036
18 277 8.030173846153849e-037
277 18 8.030173846153849e-037
18 278 2.809809413461540e-036
278 18 2.809809413461540e-036
18 279 6.505672627707474e-037
279 18 6.505672627707474e-037
18 280 -2.381777159398000e-036
280 18 -2.381777159398000e-036
18 281 -2.275075061755848e-036
281 18 -2.275075061755848e-036
18 282 -5.438374773176158e-036
282 18 -5.438374773176158e-036
18 286 1.110033500000000e-036
286 18 1.110033500000000e-036
18 287 -1.110033500000000e-036
287 18 -1.110033500000000e-036
18 288 -4.145142719683342e-036
288 18 -4.145142719683342e-036
18 412 -2.122218057692309e-036
412 18 -2.122218057692309e-036
18 413 -6.799103653846158e-037
413 18 -6.799103653846158e-037
18 414 -9.615384615384620e-037
414 18 -9.615384615384620e-037
18 457 2.122218057692309e-036
457 18 2.122218057692309e-036
18 458 6.799103653846158e-037
458 18 6.799103653846158e-037
18 459 3.982822692307696e-037
459 18 3.982822692307696e-037
18 652 -1.699775913461539e-036
652 18 -1.699775913461539e-036
18 653 1.699775913461538e-036
653 18 1.699775913461538e-036
18 654 -7.619293885188534e-037
654 18 -7.619293885188534e-037
19 19 1.000000000000000e+036
19 20 -7.040702403846156e-037
20 19 -7.040702403846156e-037
19 21 -2.403846153846155e-036
21 19 -2.403846153846155e-036
19 181 -3.365384615384616e-036
181 19 -3.365384615384616e-036
19 182 -9.615384615384620e-037
182 19 -9.615384615384620e-037
19 183 1.019865548076924e-036
183 19 1.019865548076924e-036
19 223 -2.753808689049680e-036
223 19 -2.753808689049680e-036
19 224 9.615384615384622e-037
224 19 9.615384615384622e-037
19 225 2.403846153846155e-036
225 19 2.403846153846155e-036
19 340 -3.365384615384616e-036
340 19 -3.365384615384616e-036
19 341 9.615384615384620e-037
341 19 9.615384615384620e-037
19 342 9.615384615384620e-037
342 19 9.615384615384620e-037
19 415 1.393987958280447e-036
415 19 1.393987958280447e-036
19 416 -9.615384615384622e-037
416 19 -9.615384615384622e-037
19 417 -1.981404009615386e-036
417 19 -1.981404009615386e-036
20 20 1.000000000000000e+036
20 21 3.399551826923079e-036
21 20 3.399551826923079e-036
20 181 -1.442307692307693e-036
181 20 -1.442307692307693e-036
20 182 -9.615384615384620e-037
182 20 -9.615384615384620e-037
20 183 1.019865548076924e-036
183 20 1.019865548076924e-036
20 223 1.442307692307693e-036
223 20 1.442307692307693e-036
20 224 -1.758103004563645e-036
224 20 -1.758103004563645e-036
20 225 -2.039731096153848e-036
225 20 -2.039731096153848e-036
20 340 1.442307692307693e-036
340 20 1.442307692307693e-036
20 341 -9.615384615384620e-037
341 20 -9.615384615384620e-037
20 415 -1.442307692307693e-036
415 20 -1.442307692307693e-036
20 416 3.982822737944136e-037
416 20 3.982822737944136e-037
20 417 -1.019865548076924e-036
417 20 -1.019865548076924e-036
21 21 1.000000000000000e+036
21 181 6.799103653846158e-037
181 21 6.799103653846158e-037
21 182 6.799103653846158e-037
182 21 6.799103653846158e-037
21 183 -9.615384615384620e-037
183 21 -9.615384615384620e-037
21 223 2.403846153846155e-036
223 21 2.403846153846155e-036
21 224 -1.359820730769232e-036
224 21 -1.359820730769232e-036
21 225 -5.157654831486723e-036
225 21 -5.157654831486723e-036
21 340 1.442307692307693e-036
340 21 1.442307692307693e-036
21 342 -9.615384615384620e-037
342 21 -9.615384615384620e-037
21 415 -2.122218057692309e-036
415 21 -2.122218057692309e-036
21 416 -6.799103653846158e-037
416 21 -6.799103653846158e-037
21 417 3.982822737944136e-037
417 21 3.982822737944136e-037
22 22 1.000000000000000e+036
22 24 -3.399551826923079e-036
24 22 -3.399551826923079e-036
22 181 -9.615384615384620e-037
181 22 -9.615384615384620e-037
22 182 -1.442307692307693e-036
182 22 -1.442307692307693e-036
22 220 -1.359820730769232e-036
220 22 -1.359820730769232e-036
22 221 -5.307554125766976e-053
221 22 -5.307554125766976e-053
22 222 2.039731096153848e-036
222 22 2.039731096153848e-036
22 364 -9.615384615384620e-037
364 22 -9.615384615384620e-037
22 365 1.442307692307693e-036
365 22 1.442307692307693e-036
23 23 1.000000000000000e+036
23 181 -9.615384615384620e-037
181 23 -9.615384615384620e-037
23 182 -3.365384615384616e-036
182 23 -3.365384615384616e-036
23 183 9.615384615384620e-037
183 23 9.615384615384620e-037
23 220 -3.538369417177984e-053
220 23 -3.538369417177984e-053
23 221 -1.359820730769232e-036
221 23 -1.359820730769232e-036
23 364 9.615384615384620e-037
364 23 9.615384615384620e-037
23 365 -3.365384615384616e-036
365 23 -3.365384615384616e-036
23 366 -9.615384615384620e-037
366 23 -9.615384615384620e-037
24 24 1.000000000000000e+036
24 182 1.442307692307693e-036
182 24 1.442307692307693e-036
24 183 -9.615384615384620e-037
183 24 -9.615384615384620e-037
24 220 1.359820730769232e-036
220 24 1.359820730769232e-036
24 221 8.352389719038111e-053
221 24 8.352389719038111e-053
24 222 -4.759372557692310e-036
222 24 -4.759372557692310e-036
24 365 -1.442307692307693e-036
365 24 -1.442307692307693e-036
24 366 -9.615384615384620e-037
366 24 -9.615384615384620e-037
25 25 2.652699626444238e-035
25 26 -1.277430020445093e-038
26 25 -1.277430020445093e-038
25 27 -3.622032154812882e-036
27 25 -3.622032154812882e-036
25 61 -4.196116365384617e-036
61 25 -4.196116365384617e-036
25 63 -3.399551826923079e-036
63 25 -3.399551826923079e-036
25 184 -1.359820730769232e-036
184 25 -1.359820730769232e-036
25 186 1.359820730769232e-036
186 25 1.359820730769232e-036
25 262 -4.982673567307695e-036
262 25 -4.982673567307695e-036
25 263 -4.584391298076925e-036
263 25 -4.584391298076925e-036
25 286 -4.643114950485116e-036
286 25 -4.643114950485116e-036
25 287 4.519583708473780e-036
287 25 4.519583708473780e-036
25 288 5.011433831422867e-052
288 25 5.011433831422867e-052
25 289 -2.073468711546997e-036
289 25 -2.073468711546997e-036
25 290 -3.981454469239405e-038
290 25 -3.981454469239405e-038
25 291 2.111403245936461e-036
291 25 2.111403245936461e-036
25 451 2.098058182692309e-036
451 25 2.098058182692309e-036
25 452 2.574682211538464e-037
452 25 2.574682211538464e-037
25 453 -1.019865548076924e-036
453 25 -1.019865548076924e-036
25 460 3.269816779006476e-036
460 25 3.269816779006476e-036
25 461 1.194403492833358e-036
461 25 1.194403492833358e-036
25 462 1.231070192307693e-037
462 25 1.231070192307693e-037
25 463 3.982822737944136e-037
463 25 3.982822737944136e-037
25 464 -1.442307692307693e-036
464 25 -1.442307692307693e-036
25 465 1.019865548076924e-036
465 25 1.019865548076924e-036
25 583 2.098058182692309e-036
583 25 2.098058182692309e-036
25 584 -2.574682211538465e-037
584 25 -2.574682211538465e-037
25 585 -1.019865548076924e-036
585 25 -1.019865548076924e-036
25 652 -6.086520026455064e-036
652 25 -6.086520026455064e-036
25 653 5.927347773466838e-037
653 25 5.927347773466838e-037
25 654 1.699775913461539e-036
654 25 1.699775913461539e-036
26 26 2.279846258599124e-035
26 27 4.357552990436492e-037
27 26 4.357552990436492e-037
26 62 6.115759423076919e-037
62 26 6.115759423076919e-037
26 185 -1.359820730769232e-036
185 26 -1.359820730769232e-036
26 262 -3.622852836538463e-036
262 26 -3.622852836538463e-036
26 263 -9.790365875000004e-036
263 26 -9.790365875000004e-036
26 286 3.558045246935318e-036
286 26 3.558045246935318e-036
26 287 -9.162920021198504e-036
287 26 -9.162920021198504e-036
26 288 -2.132749711538466e-037
288 26 -2.132749711538466e-037
26 289 -3.981454469239405e-038
289 26 -3.981454469239405e-038
26 290 -3.575853182084316e-036
290 26 -3.575853182084316e-036
26 291 -2.849471209364605e-037
291 26 -2.849471209364605e-037
26 451 7.382374519230775e-037
451 26 7.382374519230775e-037
26 452 -3.057879711538459e-037
452 26 -3.057879711538459e-037
26 453 -1.981404009615386e-036
453 26 -1.981404009615386e-036
26 460 7.136342620641268e-037
460 26 7.136342620641268e-037
26 461 1.460985350001889e-036
461 26 1.460985350001889e-036
26 462 -8.713705096153847e-037
462 26 -8.713705096153847e-037
26 463 -9.615384615384620e-037
463 26 -9.615384615384620e-037
26 464 1.393987958280447e-036
464 26 1.393987958280447e-036
26 465 1.981404009615386e-036
465 26 1.981404009615386e-036
26 583 -7.382374519230775e-037
583 26 -7.382374519230775e-037
26 584 -3.057879711538459e-037
584 26 -3.057879711538459e-037
26 585 1.981404009615386e-036
585 26 1.981404009615386e-036
26 652 5.927347773466838e-037
652 26 5.927347773466838e-037
26 653 -1.316294034610131e-036
653 26 -1.316294034610131e-036
26 654 -1.699775913461539e-036
654 26 -1.699775913461539e-036
27 27 1.912059751205428e-035
27 61 -3.399551826923079e-036
61 27 -3.399551826923079e-036
27 62 1.670477943807622e-052
62 27 1.670477943807622e-052
27 63 -7.965645384615391e-037
63 27 -7.965645384615391e-037
27 184 2.039731096153848e-036
184 27 2.039731096153848e-036
27 186 -4.759372557692310e-036
186 27 -4.759372557692310e-036
27 264 -3.282897653846155e-036
264 27 -3.282897653846155e-036
27 286 2.505716915711433e-052
286 27 2.505716915711433e-052
27 287 -2.132749711538464e-037
287 27 -2.132749711538464e-037
27 288 -2.867675383795730e-036
288 27 -2.867675383795730e-036
27 289 1.431492880551846e-036
289 27 1.431492880551846e-036
