1 1 1.000000000000000e+036
1 2 -9.957056730769240e-001
2 1 -9.957056730769240e-001
1 3 -5.803397980769233e+000
3 1 -5.803397980769233e+000
1 4 -4.766240448189096e-001
4 1 -4.766240448189096e-001
1 5 -7.040702403846155e-001
5 1 -7.040702403846155e-001
1 6 5.551115123125783e-017
6 1 5.551115123125783e-017
1 7 -7.255713009615390e+000
7 1 -7.255713009615390e+000
1 8 1.699775913461540e+000
8 1 1.699775913461540e+000
1 9 1.359820730769232e+000
9 1 1.359820730769232e+000
1 19 -4.766240448189099e-001
19 1 -4.766240448189099e-001
1 20 7.040702403846155e-001
20 1 7.040702403846155e-001
1 21 -5.551115123125783e-017
21 1 -5.551115123125783e-017
1 22 -4.196116365384619e+000
22 1 -4.196116365384619e+000
1 24 2.039731096153847e+000
24 1 2.039731096153847e+000
1 58 -6.551642805739925e+000
58 1 -6.551642805739925e+000
1 59 2.403846153846155e+000
59 1 2.403846153846155e+000
1 60 9.615384615384619e-001
60 1 9.615384615384619e-001
1 97 -9.766206000000004e+000
97 1 -9.766206000000004e+000
1 98 2.220446049250313e-016
98 1 2.220446049250313e-016
1 99 5.803397980769233e+000
99 1 5.803397980769233e+000
1 139 4.759372573665064e+000
139 1 4.759372573665064e+000
1 140 2.403846153846155e+000
140 1 2.403846153846155e+000
1 181 -4.288610688561583e+000
181 1 -4.288610688561583e+000
1 182 3.107916394230770e+000
182 1 3.107916394230770e+000
1 183 1.442307692307693e+000
183 1 1.442307692307693e+000
1 220 -4.196116365384619e+000
220 1 -4.196116365384619e+000
1 221 6.281798115202202e-017
221 1 6.281798115202202e-017
1 222 -3.399551826923079e+000
222 1 -3.399551826923079e+000
1 223 1.699775929434293e+000
223 1 1.699775929434293e+000
1 224 -7.040702403846156e-001
224 1 -7.040702403846156e-001
1 225 5.551115123125783e-017
225 1 5.551115123125783e-017
1 340 -2.880470219201463e+000
340 1 -2.880470219201463e+000
1 341 -3.107916394230770e+000
341 1 -3.107916394230770e+000
1 342 -1.442307692307693e+000
342 1 -1.442307692307693e+000
1 364 -4.288610688561583e+000
364 1 -4.288610688561583e+000
1 365 -3.107916394230770e+000
365 1 -3.107916394230770e+000
1 366 1.442307692307693e+000
366 1 1.442307692307693e+000
1 415 7.040702244118616e-001
415 1 7.040702244118616e-001
1 416 1.699775913461539e+000
416 1 1.699775913461539e+000
1 417 -2.403846153846155e+000
417 1 -2.403846153846155e+000
1 538 6.557504903846159e-001
538 1 6.557504903846159e-001
1 539 -1.699775913461539e+000
539 1 -1.699775913461539e+000
1 540 2.403846153846155e+000
540 1 2.403846153846155e+000
1 619 7.040702244118615e-001
619 1 7.040702244118615e-001
1 620 -1.699775913461540e+000
620 1 -1.699775913461540e+000
1 621 -2.403846153846155e+000
621 1 -2.403846153846155e+000
2 2 1.000000000000000e+036
2 3 2.403846153846155e+000
3 2 2.403846153846155e+000
2 4 -7.040702403846155e-001
4 2 -7.040702403846155e-001
2 5 -6.692456821871341e+000
5 2 -6.692456821871341e+000
2 6 2.039731096153847e+000
6 2 2.039731096153847e+000
2 7 1.699775913461540e+000
7 2 1.699775913461540e+000
2 8 -2.448020701923079e+000
8 2 -2.448020701923079e+000
2 19 7.040702403846155e-001
19 2 7.040702403846155e-001
2 20 -6.692456821871341e+000
20 2 -6.692456821871341e+000
2 21 -2.039731096153847e+000
21 2 -2.039731096153847e+000
2 23 6.115759423076919e-001
23 2 6.115759423076919e-001
2 58 2.403846153846155e+000
58 2 2.403846153846155e+000
2 59 -3.152090967407736e+000
59 2 -3.152090967407736e+000
2 60 -9.615384615384619e-001
60 2 -9.615384615384619e-001
2 97 1.110223024625157e-016
97 2 1.110223024625157e-016
2 98 -9.766206000000006e+000
98 2 -9.766206000000006e+000
2 99 -2.403846153846155e+000
99 2 -2.403846153846155e+000
2 139 2.403846153846155e+000
139 2 2.403846153846155e+000
2 140 1.359820735332875e+000
140 2 1.359820735332875e+000
2 141 -3.399551826923079e+000
141 2 -3.399551826923079e+000
2 181 3.107916394230770e+000
181 2 3.107916394230770e+000
2 182 -2.880470219201463e+000
182 2 -2.880470219201463e+000
2 183 -1.442307692307693e+000
183 2 -1.442307692307693e+000
2 220 6.038237117843395e-017
220 2 6.038237117843395e-017
2 221 6.115759423076915e-001
221 2 6.115759423076915e-001
2 223 -7.040702403846154e-001
223 2 -7.040702403846154e-001
2 224 -1.699775908897896e+000
224 2 -1.699775908897896e+000
2 225 3.399551826923079e+000
225 2 3.399551826923079e+000
2 340 -3.107916394230770e+000
340 2 -3.107916394230770e+000
2 341 -4.288610688561584e+000
341 2 -4.288610688561584e+000
2 342 -1.442307692307693e+000
342 2 -1.442307692307693e+000
2 364 -3.107916394230770e+000
364 2 -3.107916394230770e+000
2 365 -2.880470219201463e+000
365 2 -2.880470219201463e+000
2 366 1.442307692307693e+000
366 2 1.442307692307693e+000
2 415 1.699775913461539e+000
415 2 1.699775913461539e+000
2 416 -7.040702449482594e-001
416 2 -7.040702449482594e-001
2 417 2.403846153846155e+000
417 2 2.403846153846155e+000
2 538 -1.699775913461540e+000
538 2 -1.699775913461540e+000
2 539 5.463442798076926e+000
539 2 5.463442798076926e+000
2 540 2.403846153846155e+000
540 2 2.403846153846155e+000
2 619 -1.699775913461539e+000
619 2 -1.699775913461539e+000
2 620 -7.040702449482595e-001
620 2 -7.040702449482595e-001
2 621 -2.403846153846155e+000
621 2 -2.403846153846155e+000
3 3 1.000000000000000e+036
3 5 1.359820730769232e+000
5 3 1.359820730769232e+000
3 6 -1.593129081486723e+000
6 3 -1.593129081486723e+000
3 7 2.039731096153847e+000
7 3 2.039731096153847e+000
3 9 -2.156385269230771e+000
9 3 -2.156385269230771e+000
3 20 -1.359820730769232e+000
20 3 -1.359820730769232e+000
3 21 -1.593129081486723e+000
21 3 -1.593129081486723e+000
3 22 1.359820730769232e+000
22 3 1.359820730769232e+000
3 24 -7.965645384615392e-001
24 3 -7.965645384615392e-001
3 58 1.442307692307693e+000
58 3 1.442307692307693e+000
3 59 -1.442307692307693e+000
59 3 -1.442307692307693e+000
3 60 -2.156385282921702e+000
60 3 -2.156385282921702e+000
3 97 5.803397980769233e+000
97 3 5.803397980769233e+000
3 98 -2.403846153846155e+000
98 3 -2.403846153846155e+000
3 99 -2.096056715384616e+001
99 3 -2.096056715384616e+001
3 140 -3.399551826923079e+000
140 3 -3.399551826923079e+000
3 141 1.359820735332875e+000
141 3 1.359820735332875e+000
3 181 9.615384615384620e-001
181 3 9.615384615384620e-001
3 182 -9.615384615384620e-001
182 3 -9.615384615384620e-001
3 183 -1.593129090614010e+000
183 3 -1.593129090614010e+000
3 220 -3.399551826923079e+000
220 3 -3.399551826923079e+000
3 222 -7.965645384615392e-001
222 3 -7.965645384615392e-001
3 224 3.399551826923079e+000
224 3 3.399551826923079e+000
3 225 4.563643918760240e-009
225 3 4.563643918760240e-009
3 340 -9.615384615384620e-001
340 3 -9.615384615384620e-001
3 341 -9.615384615384620e-001
341 3 -9.615384615384620e-001
3 342 -1.593129090614010e+000
342 3 -1.593129090614010e+000
3 364 9.615384615384620e-001
364 3 9.615384615384620e-001
3 365 9.615384615384620e-001
365 3 9.615384615384620e-001
3 366 -1.593129090614010e+000
366 3 -1.593129090614010e+000
3 415 -2.403846153846155e+000
415 3 -2.403846153846155e+000
3 416 2.403846153846155e+000
416 3 2.403846153846155e+000
3 417 -4.563644006698676e-009
417 3 -4.563644006698676e-009
3 538 2.403846153846155e+000
538 3 2.403846153846155e+000
3 539 2.403846153846155e+000
539 3 2.403846153846155e+000
3 540 1.359820730769231e+000
540 3 1.359820730769231e+000
3 619 -2.403846153846155e+000
619 3 -2.403846153846155e+000
3 620 -2.403846153846155e+000
620 3 -2.403846153846155e+000
3 621 -4.563644021355082e-009
621 3 -4.563644021355082e-009
4 4 1.000000000000000e+036
4 5 7.040702403846155e-001
5 4 7.040702403846155e-001
4 6 -2.403846153846155e+000
6 4 -2.403846153846155e+000
4 58 -3.365384615384617e+000
58 4 -3.365384615384617e+000
4 59 -9.615384615384619e-001
59 4 -9.615384615384619e-001
4 60 9.615384615384619e-001
60 4 9.615384615384619e-001
4 139 -2.753808689049679e+000
139 4 -2.753808689049679e+000
4 140 -9.615384615384620e-001
140 4 -9.615384615384620e-001
4 141 2.403846153846155e+000
141 4 2.403846153846155e+000
4 364 -3.365384615384617e+000
364 4 -3.365384615384617e+000
4 365 9.615384615384619e-001
365 4 9.615384615384619e-001
4 366 1.019865548076924e+000
366 4 1.019865548076924e+000
4 619 1.393987958280447e+000
619 4 1.393987958280447e+000
4 620 9.615384615384620e-001
620 4 9.615384615384620e-001
4 621 -1.981404009615386e+000
621 4 -1.981404009615386e+000
5 5 1.000000000000000e+036
5 6 -3.399551826923079e+000
6 5 -3.399551826923079e+000
5 58 -1.442307692307693e+000
58 5 -1.442307692307693e+000
5 59 -9.615384615384619e-001
59 5 -9.615384615384619e-001
5 139 -1.442307692307693e+000
139 5 -1.442307692307693e+000
5 140 -1.758103004563645e+000
140 5 -1.758103004563645e+000
5 141 2.039731096153847e+000
141 5 2.039731096153847e+000
5 364 1.442307692307693e+000
364 5 1.442307692307693e+000
5 365 -9.615384615384619e-001
365 5 -9.615384615384619e-001
5 366 -1.019865548076924e+000
366 5 -1.019865548076924e+000
5 619 1.442307692307693e+000
619 5 1.442307692307693e+000
5 620 3.982822737944134e-001
620 5 3.982822737944134e-001
5 621 1.019865548076924e+000
621 5 1.019865548076924e+000
6 6 1.000000000000000e+036
6 58 1.442307692307693e+000
58 6 1.442307692307693e+000
6 60 -9.615384615384619e-001
60 6 -9.615384615384619e-001
6 139 2.403846153846155e+000
139 6 2.403846153846155e+000
6 140 1.359820730769232e+000
140 6 1.359820730769232e+000
6 141 -5.157654831486724e+000
141 6 -5.157654831486724e+000
6 364 6.799103653846158e-001
364 6 6.799103653846158e-001
6 365 -6.799103653846158e-001
365 6 -6.799103653846158e-001
6 366 -9.615384615384619e-001
366 6 -9.615384615384619e-001
6 619 -2.122218057692308e+000
619 6 -2.122218057692308e+000
6 620 6.799103653846158e-001
620 6 6.799103653846158e-001
6 621 3.982822737944134e-001
621 6 3.982822737944134e-001
7 7 1.000000000000000e+036
7 58 -4.021135105769234e+000
58 7 -4.021135105769234e+000
7 59 -3.142083605769233e+000
59 7 -3.142083605769233e+000
7 60 1.019865548076924e+000
60 7 1.019865548076924e+000
7 97 -1.136519721153847e+000
97 7 -1.136519721153847e+000
7 98 -1.699775913461540e+000
98 7 -1.699775913461540e+000
7 99 -3.399551826923079e+000
99 7 -3.399551826923079e+000
7 100 -1.359820730769232e+000
100 7 -1.359820730769232e+000
7 101 1.415347766871194e-016
101 7 1.415347766871194e-016
7 102 1.359820730769232e+000
102 7 1.359820730769232e+000
7 340 -9.615384615384619e-001
340 7 -9.615384615384619e-001
7 341 1.442307692307693e+000
341 7 1.442307692307693e+000
7 342 1.019865548076924e+000
342 7 1.019865548076924e+000
7 376 2.098058182692309e+000
376 7 2.098058182692309e+000
7 377 2.574682211538465e-001
377 7 2.574682211538465e-001
7 378 -1.019865548076924e+000
378 7 -1.019865548076924e+000
7 538 -9.615384615384618e-001
538 7 -9.615384615384618e-001
7 539 1.442307692307693e+000
539 7 1.442307692307693e+000
7 540 -1.019865548076924e+000
540 7 -1.019865548076924e+000
8 8 1.000000000000000e+036
8 9 3.538369417177984e-016
9 8 3.538369417177984e-016
8 58 -2.661314375000002e+000
58 8 -2.661314375000002e+000
8 59 -6.424981259615388e+000
59 8 -6.424981259615388e+000
8 60 1.019865548076924e+000
60 8 1.019865548076924e+000
8 97 -1.699775913461540e+000
97 8 -1.699775913461540e+000
8 98 3.671172586538462e+000
98 8 3.671172586538462e+000
8 100 2.123021650306791e-016
100 8 2.123021650306791e-016
8 101 -1.359820730769232e+000
101 8 -1.359820730769232e+000
8 102 -2.220446049250313e-016
102 8 -2.220446049250313e-016
8 340 9.615384615384619e-001
340 8 9.615384615384619e-001
8 341 -3.365384615384616e+000
341 8 -3.365384615384616e+000
8 342 -1.019865548076924e+000
342 8 -1.019865548076924e+000
8 376 7.382374519230774e-001
376 8 7.382374519230774e-001
8 377 -3.057879711538460e-001
377 8 -3.057879711538460e-001
8 378 -1.981404009615386e+000
378 8 -1.981404009615386e+000
8 538 9.615384615384620e-001
538 8 9.615384615384620e-001
8 539 -3.365384615384617e+000
539 8 -3.365384615384617e+000
8 540 1.981404009615386e+000
540 8 1.981404009615386e+000
9 9 1.000000000000000e+036
9 58 6.799103653846158e-001
58 9 6.799103653846158e-001
9 59 6.799103653846158e-001
59 9 6.799103653846158e-001
9 60 -2.321359192307694e+000
60 9 -2.321359192307694e+000
9 97 -3.399551826923079e+000
97 9 -3.399551826923079e+000
9 98 -2.220446049250313e-016
98 9 -2.220446049250313e-016
9 99 5.632561923076921e-001
99 9 5.632561923076921e-001
9 100 2.039731096153847e+000
100 9 2.039731096153847e+000
9 101 -2.220446049250313e-016
101 9 -2.220446049250313e-016
9 102 -4.759372557692311e+000
102 9 -4.759372557692311e+000
9 340 6.799103653846158e-001
340 9 6.799103653846158e-001
9 341 -6.799103653846158e-001
341 9 -6.799103653846158e-001
9 342 -9.615384615384619e-001
342 9 -9.615384615384619e-001
9 376 -6.799103653846158e-001
376 9 -6.799103653846158e-001
9 377 -2.122218057692308e+000
377 9 -2.122218057692308e+000
9 378 3.982822692307696e-001
378 9 3.982822692307696e-001
9 538 -6.799103653846158e-001
538 9 -6.799103653846158e-001
9 539 2.122218057692308e+000
539 9 2.122218057692308e+000
9 540 -9.615384615384618e-001
540 9 -9.615384615384618e-001
10 10 5.974419282631561e+001
10 11 -1.494410764537338e+000
11 10 -1.494410764537338e+000
10 12 -1.101167161936528e+001
12 10 -1.101167161936528e+001
10 13 -1.145182937500001e+001
13 10 -1.145182937500001e+001
10 14 1.699775913461540e+000
14 10 1.699775913461540e+000
10 15 3.399551826923079e+000
15 10 3.399551826923079e+000
10 16 -2.107141732400073e+000
16 10 -2.107141732400073e+000
10 17 -1.677706919013384e+000
17 10 -1.677706919013384e+000
10 18 -6.246679304665737e-002
18 10 -6.246679304665737e-002
10 25 -1.104949733067917e+001
25 10 -1.104949733067917e+001
10 26 -2.274341433723589e-001
26 10 -2.274341433723589e-001
10 27 2.747342620414883e+000
27 10 2.747342620414883e+000
10 28 -1.836444759615388e+000
28 10 -1.836444759615388e+000
10 29 1.699775913461540e+000
29 10 1.699775913461540e+000
10 30 1.110223024625157e-016
30 10 1.110223024625157e-016
10 61 -1.217005215384616e+001
61 10 -1.217005215384616e+001
10 63 8.207244134615387e+000
63 10 8.207244134615387e+000
10 136 -4.196116365384619e+000
136 10 -4.196116365384619e+000
10 138 -3.399551826923079e+000
138 10 -3.399551826923079e+000
10 178 -6.080880920636446e+000
178 10 -6.080880920636446e+000
10 179 5.511762548076925e+000
179 10 5.511762548076925e+000
10 180 2.403846153846155e+000
180 10 2.403846153846155e+000
10 262 -4.672740451276324e+000
262 10 -4.672740451276324e+000
10 263 5.511762548076925e+000
263 10 5.511762548076925e+000
10 264 2.403846153846155e+000
264 10 2.403846153846155e+000
10 265 -7.169080907763046e+000
265 10 -7.169080907763046e+000
10 266 -6.215832788461540e+000
266 10 -6.215832788461540e+000
10 267 -2.220446049250313e-016
267 10 -2.220446049250313e-016
10 268 6.115759423076916e-001
268 10 6.115759423076916e-001
10 269 -5.551115123125783e-017
269 10 -5.551115123125783e-017
10 270 -1.110223024625157e-016
270 10 -1.110223024625157e-016
10 277 -5.311653832236094e+000
277 10 -5.311653832236094e+000
10 278 2.403846153846155e+000
278 10 2.403846153846155e+000
10 279 3.763382791666670e+000
279 10 3.763382791666670e+000
10 286 -1.980187344915179e+000
286 10 -1.980187344915179e+000
10 287 -3.570694503205129e+000
287 10 -3.570694503205129e+000
10 288 1.356549461868844e+000
288 10 1.356549461868844e+000
10 289 1.684154476487197e+000
289 10 1.684154476487197e+000
10 290 -1.236997804487180e+000
290 10 -1.236997804487180e+000
10 291 -2.596534442307693e+000
291 10 -2.596534442307693e+000
10 412 5.463442798076926e+000
412 10 5.463442798076926e+000
10 413 1.699775913461539e+000
413 10 1.699775913461539e+000
10 414 -2.403846153846155e+000
414 10 -2.403846153846155e+000
10 454 6.557504903846159e-001
454 10 6.557504903846159e-001
10 455 -1.699775913461539e+000
455 10 -1.699775913461539e+000
10 456 2.403846153846155e+000
456 10 2.403846153846155e+000
10 463 -7.040702449482597e-001
463 10 -7.040702449482597e-001
10 464 1.699775913461539e+000
464 10 1.699775913461539e+000
10 465 -2.403846153846155e+000
465 10 -2.403846153846155e+000
10 502 5.463442798076926e+000
502 10 5.463442798076926e+000
10 503 -1.699775913461539e+000
503 10 -1.699775913461539e+000
10 504 -2.403846153846155e+000
504 10 -2.403846153846155e+000
10 652 -4.892863912948218e+000
652 10 -4.892863912948218e+000
10 653 -2.403846153846154e+000
653 10 -2.403846153846154e+000
10 654 -2.403846153846154e+000
654 10 -2.403846153846154e+000
11 11 6.201803582479789e+001
11 12 7.461357863751646e+000
12 11 7.461357863751646e+000
11 13 1.699775913461540e+000
13 11 1.699775913461540e+000
11 14 -1.836444759615388e+000
14 11 -1.836444759615388e+000
11 15 -2.775557561562891e-016
15 11 -2.775557561562891e-016
11 16 -1.677706919013385e+000
16 11 -1.677706919013385e+000
11 17 -1.187042984889034e+001
17 11 -1.187042984889034e+001
11 18 -1.508081781071887e-001
18 11 -1.508081781071887e-001
11 25 -2.274341433723587e-001
25 11 -2.274341433723587e-001
11 26 -4.481820506113936e-001
26 11 -4.481820506113936e-001
11 27 6.522092065081960e-001
27 11 6.522092065081960e-001
11 28 1.699775913461540e+000
28 11 1.699775913461540e+000
11 29 -1.145182937500001e+001
29 11 -1.145182937500001e+001
11 30 -3.399551826923079e+000
30 11 -3.399551826923079e+000
11 62 -7.362359846153849e+000
62 11 -7.362359846153849e+000
11 63 -1.665334536937735e-016
63 11 -1.665334536937735e-016
11 136 5.551115123125783e-017
136 11 5.551115123125783e-017
11 137 6.115759423076920e-001
137 11 6.115759423076920e-001
11 138 1.665334536937735e-016
138 11 1.665334536937735e-016
11 178 5.511762548076925e+000
178 11 5.511762548076925e+000
11 179 -4.672740451276325e+000
179 11 -4.672740451276325e+000
11 180 -2.403846153846155e+000
180 11 -2.403846153846155e+000
11 262 5.511762548076925e+000
262 11 5.511762548076925e+000
11 263 -6.080880920636444e+000
263 11 -6.080880920636444e+000
11 264 -2.403846153846155e+000
264 11 -2.403846153846155e+000
11 265 -6.215832788461540e+000
265 11 -6.215832788461540e+000
11 266 -7.169080907763046e+000
266 11 -7.169080907763046e+000
11 268 -1.110223024625157e-016
268 11 -1.110223024625157e-016
11 269 -4.196116365384619e+000
269 11 -4.196116365384619e+000
11 270 3.399551826923079e+000
270 11 3.399551826923079e+000
11 277 2.403846153846155e+000
277 11 2.403846153846155e+000
11 278 -7.994782750920675e+000
278 11 -7.994782750920675e+000
11 279 -6.450653371794873e+000
279 11 -6.450653371794873e+000
11 286 -3.570694503205129e+000
286 11 -3.570694503205129e+000
11 287 -1.980187344915180e+000
287 11 -1.980187344915180e+000
11 288 1.481483046949915e+000
288 11 1.481483046949915e+000
11 289 -1.236997804487180e+000
289 11 -1.236997804487180e+000
11 290 5.894540667705188e+000
290 11 5.894540667705188e+000
11 291 -5.897424134615392e-001
291 11 -5.897424134615392e-001
11 412 1.699775913461539e+000
412 11 1.699775913461539e+000
11 413 6.557504903846160e-001
413 11 6.557504903846160e-001
11 414 2.403846153846155e+000
414 11 2.403846153846155e+000
11 454 -1.699775913461540e+000
454 11 -1.699775913461540e+000
11 455 5.463442798076926e+000
455 11 5.463442798076926e+000
11 456 2.403846153846155e+000
456 11 2.403846153846155e+000
11 463 1.699775913461539e+000
463 11 1.699775913461539e+000
11 464 7.040702244118617e-001
464 11 7.040702244118617e-001
11 465 2.403846153846155e+000
465 11 2.403846153846155e+000
11 502 -1.699775913461539e+000
502 11 -1.699775913461539e+000
11 503 6.557504903846159e-001
503 11 6.557504903846159e-001
11 504 -2.403846153846155e+000
504 11 -2.403846153846155e+000
11 652 -2.403846153846154e+000
652 11 -2.403846153846154e+000
11 653 -1.094013181690155e+001
653 11 -1.094013181690155e+001
11 654 -2.403846153846154e+000
654 11 -2.403846153846154e+000
12 12 6.003857718885330e+001
12 13 3.399551826923079e+000
13 12 3.399551826923079e+000
12 14 -1.110223024625157e-016
14 12 -1.110223024625157e-016
12 15 -2.952949807692310e+000
15 12 -2.952949807692310e+000
12 16 -6.246679304665748e-002
16 12 -6.246679304665748e-002
12 17 -1.508081781071886e-001
17 12 -1.508081781071886e-001
12 18 -3.271563156603120e+000
18 12 -3.271563156603120e+000
12 25 2.747342620414883e+000
25 12 2.747342620414883e+000
12 26 6.522092065081959e-001
26 12 6.522092065081959e-001
12 27 -2.409338847787705e+000
27 12 -2.409338847787705e+000
12 28 2.220446049250313e-016
28 12 2.220446049250313e-016
12 29 -3.399551826923079e+000
29 12 -3.399551826923079e+000
12 30 -2.952949807692310e+000
30 12 -2.952949807692310e+000
12 61 8.207244134615388e+000
61 12 8.207244134615388e+000
12 62 -2.220446049250313e-016
62 12 -2.220446049250313e-016
12 63 -2.096056715384616e+001
63 12 -2.096056715384616e+001
12 136 -3.399551826923079e+000
136 12 -3.399551826923079e+000
12 137 1.110223024625157e-016
137 12 1.110223024625157e-016
12 138 -7.965645384615392e-001
138 12 -7.965645384615392e-001
12 178 2.403846153846155e+000
178 12 2.403846153846155e+000
12 179 -2.403846153846155e+000
179 12 -2.403846153846155e+000
12 180 -2.389693638202838e+000
180 12 -2.389693638202838e+000
12 262 2.403846153846155e+000
262 12 2.403846153846155e+000
12 263 -2.403846153846155e+000
263 12 -2.403846153846155e+000
12 264 -2.389693638202838e+000
264 12 -2.389693638202838e+000
12 265 -1.110223024625157e-016
265 12 -1.110223024625157e-016
12 267 -3.186258181228020e+000
267 12 -3.186258181228020e+000
12 268 -2.220446049250313e-016
268 12 -2.220446049250313e-016
12 269 3.399551826923079e+000
269 12 3.399551826923079e+000
12 270 -7.965645384615392e-001
270 12 -7.965645384615392e-001
12 277 3.763382791666670e+000
277 12 3.763382791666670e+000
12 278 -6.450653371794875e+000
278 12 -6.450653371794875e+000
12 279 -1.787475508578698e+001
279 12 -1.787475508578698e+001
12 286 1.356549461868844e+000
286 12 1.356549461868844e+000
12 287 1.481483046949915e+000
287 12 1.481483046949915e+000
12 288 1.204009836154093e+000
288 12 1.204009836154093e+000
12 289 -2.596534442307693e+000
289 12 -2.596534442307693e+000
12 290 -5.897424134615394e-001
290 12 -5.897424134615394e-001
12 291 1.684154476487197e+000
291 12 1.684154476487197e+000
12 412 -2.403846153846155e+000
412 12 -2.403846153846155e+000
12 413 2.403846153846155e+000
413 12 2.403846153846155e+000
12 414 1.359820730769231e+000
414 12 1.359820730769231e+000
12 454 2.403846153846155e+000
454 12 2.403846153846155e+000
12 455 2.403846153846155e+000
455 12 2.403846153846155e+000
12 456 1.359820730769231e+000
456 12 1.359820730769231e+000
12 463 -2.403846153846155e+000
463 12 -2.403846153846155e+000
12 464 2.403846153846155e+000
464 12 2.403846153846155e+000
12 465 -4.563644018240609e-009
465 12 -4.563644018240609e-009
12 502 -2.403846153846155e+000
502 12 -2.403846153846155e+000
12 503 -2.403846153846155e+000
503 12 -2.403846153846155e+000
12 504 1.359820730769231e+000
504 12 1.359820730769231e+000
12 652 -2.403846153846154e+000
652 12 -2.403846153846154e+000
12 653 -2.403846153846154e+000
653 12 -2.403846153846154e+000
12 654 -7.025305295273252e+000
654 12 -7.025305295273252e+000
13 13 1.937744541802520e+001
13 14 -1.699775913461540e+000
14 13 -1.699775913461540e+000
13 15 -3.399551826923079e+000
15 13 -3.399551826923079e+000
13 136 -1.359820730769232e+000
136 13 -1.359820730769232e+000
13 138 2.039731096153847e+000
138 13 2.039731096153847e+000
13 178 -3.282897658409799e+000
178 13 -3.282897658409799e+000
13 179 -2.884615384615386e+000
179 13 -2.884615384615386e+000
13 265 -1.923076923076924e+000
265 13 -1.923076923076924e+000
13 266 2.884615384615386e+000
266 13 2.884615384615386e+000
13 267 1.019865548076924e+000
267 13 1.019865548076924e+000
13 271 -1.758103004563645e+000
271 13 -1.758103004563645e+000
13 272 9.615384615384619e-001
272 13 9.615384615384619e-001
13 273 1.359820730769232e+000
273 13 1.359820730769232e+000
13 277 1.359820735332876e+000
277 13 1.359820735332876e+000
13 278 -2.403846153846155e+000
278 13 -2.403846153846155e+000
13 279 -3.399551826923079e+000
279 13 -3.399551826923079e+000
13 454 -9.615384615384620e-001
454 13 -9.615384615384620e-001
13 455 1.442307692307693e+000
455 13 1.442307692307693e+000
13 456 -1.019865548076924e+000
456 13 -1.019865548076924e+000
14 14 2.277699725635738e+001
14 15 2.403846153846155e+000
15 14 2.403846153846155e+000
14 137 -1.359820730769232e+000
137 14 -1.359820730769232e+000
14 178 -1.923076923076924e+000
178 14 -1.923076923076924e+000
14 179 -1.149014180443430e+001
179 14 -1.149014180443430e+001
14 180 1.110223024625157e-016
180 14 1.110223024625157e-016
14 265 1.923076923076924e+000
265 14 1.923076923076924e+000
14 266 -6.730769230769234e+000
266 14 -6.730769230769234e+000
14 267 -1.981404009615386e+000
267 14 -1.981404009615386e+000
14 271 1.442307692307693e+000
271 14 1.442307692307693e+000
14 272 -2.753808689049679e+000
272 14 -2.753808689049679e+000
14 273 -2.403846153846155e+000
273 14 -2.403846153846155e+000
14 277 -2.403846153846155e+000
277 14 -2.403846153846155e+000
14 278 4.759372573665064e+000
278 14 4.759372573665064e+000
14 454 9.615384615384620e-001
454 14 9.615384615384620e-001
14 455 -3.365384615384617e+000
455 14 -3.365384615384617e+000
14 456 1.981404009615386e+000
456 14 1.981404009615386e+000
15 15 1.767766950456365e+001
15 136 1.359820730769232e+000
136 15 1.359820730769232e+000
15 138 -4.759372557692311e+000
138 15 -4.759372557692311e+000
15 179 2.220446049250313e-016
179 15 2.220446049250313e-016
15 180 -3.282897658409799e+000
180 15 -3.282897658409799e+000
15 265 6.799103653846158e-001
265 15 6.799103653846158e-001
15 266 -2.122218057692308e+000
266 15 -2.122218057692308e+000
15 267 -1.923076923076924e+000
267 15 -1.923076923076924e+000
15 271 2.039731096153847e+000
271 15 2.039731096153847e+000
15 272 -2.403846153846155e+000
272 15 -2.403846153846155e+000
15 273 -5.157654831486725e+000
273 15 -5.157654831486725e+000
15 277 -3.399551826923079e+000
277 15 -3.399551826923079e+000
15 278 -1.110223024625157e-016
278 15 -1.110223024625157e-016
15 279 1.359820735332876e+000
279 15 1.359820735332876e+000
15 454 -6.799103653846158e-001
454 15 -6.799103653846158e-001
15 455 2.122218057692309e+000
455 15 2.122218057692309e+000
15 456 -9.615384615384620e-001
456 15 -9.615384615384620e-001
16 16 3.022907314482955e+001
16 17 3.741289054752461e+000
17 16 3.741289054752461e+000
16 18 -1.728771725553444e-001
18 16 -1.728771725553444e-001
16 61 4.759372573665065e+000
61 16 4.759372573665065e+000
16 62 2.403846153846155e+000
62 16 2.403846153846155e+000
16 175 -2.753808689049679e+000
175 16 -2.753808689049679e+000
16 176 -1.442307692307693e+000
176 16 -1.442307692307693e+000
16 177 2.403846153846155e+000
177 16 2.403846153846155e+000
16 178 -9.790365875000006e+000
178 16 -9.790365875000006e+000
16 179 -3.622852836538463e+000
179 16 -3.622852836538463e+000
16 277 3.976761333159155e+000
277 16 3.976761333159155e+000
16 278 -4.627781089743601e-001
278 16 -4.627781089743601e-001
16 279 8.030173846153852e-001
279 16 8.030173846153852e-001
16 280 -2.795482588485675e+000
280 16 -2.795482588485675e+000
16 281 -1.550918256254310e+000
281 16 -1.550918256254310e+000
16 282 -2.381777159397999e+000
282 16 -2.381777159397999e+000
16 286 -1.324222845548816e+001
286 16 -1.324222845548816e+001
16 287 2.071328018690116e-001
287 16 2.071328018690116e-001
16 288 1.110033500000000e+000
288 16 1.110033500000000e+000
16 412 -3.365384615384616e+000
412 16 -3.365384615384616e+000
16 413 -9.615384615384619e-001
413 16 -9.615384615384619e-001
16 414 -1.981404009615386e+000
414 16 -1.981404009615386e+000
16 457 -3.057879711538460e-001
457 16 -3.057879711538460e-001
16 458 7.382374519230774e-001
458 16 7.382374519230774e-001
16 459 1.981404009615386e+000
459 16 1.981404009615386e+000
16 652 -4.605007124691717e+000
652 16 -4.605007124691717e+000
16 653 2.627596812235969e+000
653 16 2.627596812235969e+000
16 654 -1.699775913461539e+000
654 16 -1.699775913461539e+000
17 17 2.414174517101367e+001
17 18 3.861521437091900e-001
18 17 3.861521437091900e-001
17 61 2.403846153846155e+000
61 17 2.403846153846155e+000
17 62 1.359820735332876e+000
62 17 1.359820735332876e+000
17 63 -3.399551826923079e+000
63 17 -3.399551826923079e+000
17 175 -9.615384615384619e-001
175 17 -9.615384615384619e-001
17 176 -1.758103004563645e+000
176 17 -1.758103004563645e+000
17 177 1.359820730769232e+000
177 17 1.359820730769232e+000
17 178 -4.584391298076925e+000
178 17 -4.584391298076925e+000
17 179 -4.982673567307695e+000
179 17 -4.982673567307695e+000
17 277 -4.627781089743600e-001
277 17 -4.627781089743600e-001
17 278 -1.049208650690792e+000
278 17 -1.049208650690792e+000
17 279 2.809809413461540e+000
279 17 2.809809413461540e+000
17 280 -1.070149025485079e+000
280 17 -1.070149025485079e+000
17 281 -2.150223863140569e+000
281 17 -2.150223863140569e+000
17 282 -1.595164696371232e+000
282 17 -1.595164696371232e+000
17 286 1.168671263407473e+000
286 17 1.168671263407473e+000
17 287 -4.295016421169214e+000
287 17 -4.295016421169214e+000
17 288 -1.110033500000000e+000
288 17 -1.110033500000000e+000
17 412 -1.442307692307693e+000
412 17 -1.442307692307693e+000
17 413 -9.615384615384619e-001
413 17 -9.615384615384619e-001
17 414 -1.019865548076924e+000
414 17 -1.019865548076924e+000
17 457 2.574682211538465e-001
457 17 2.574682211538465e-001
17 458 2.098058182692309e+000
458 17 2.098058182692309e+000
17 459 1.019865548076924e+000
459 17 1.019865548076924e+000
17 652 2.627596812235969e+000
652 17 2.627596812235969e+000
17 653 -5.324302717381340e-001
653 17 -5.324302717381340e-001
17 654 1.699775913461538e+000
654 17 1.699775913461538e+000
18 18 2.061043071751842e+001
18 61 -1.110223024625157e-016
61 18 -1.110223024625157e-016
18 62 -3.399551826923079e+000
62 18 -3.399551826923079e+000
18 63 1.359820735332876e+000
63 18 1.359820735332876e+000
18 175 2.403846153846155e+000
175 18 2.403846153846155e+000
18 176 2.039731096153847e+000
176 18 2.039731096153847e+000
18 177 -5.157654831486724e+000
177 18 -5.157654831486724e+000
18 180 -3.282897653846155e+000
180 18 -3.282897653846155e+000
18 277 8.030173846153851e-001
277 18 8.030173846153851e-001
18 278 2.809809413461540e+000
278 18 2.809809413461540e+000
18 279 6.505672627707473e-001
279 18 6.505672627707473e-001
18 280 -2.381777159397999e+000
280 18 -2.381777159397999e+000
18 281 -2.275075061755848e+000
281 18 -2.275075061755848e+000
18 282 -5.438374773176159e+000
282 18 -5.438374773176159e+000
18 286 1.110033500000000e+000
286 18 1.110033500000000e+000
18 287 -1.110033500000000e+000
287 18 -1.110033500000000e+000
18 288 -4.145142719683341e+000
288 18 -4.145142719683341e+000
18 412 -2.122218057692309e+000
412 18 -2.122218057692309e+000
18 413 -6.799103653846158e-001
413 18 -6.799103653846158e-001
18 414 -9.615384615384619e-001
414 18 -9.615384615384619e-001
18 457 2.122218057692309e+000
457 18 2.122218057692309e+000
18 458 6.799103653846158e-001
458 18 6.799103653846158e-001
18 459 3.982822692307696e-001
459 18 3.982822692307696e-001
18 652 -1.699775913461539e+000
652 18 -1.699775913461539e+000
18 653 1.699775913461538e+000
653 18 1.699775913461538e+000
18 654 -7.619293885188532e-001
654 18 -7.619293885188532e-001
19 19 1.000000000000000e+036
19 20 -7.040702403846155e-001
20 19 -7.040702403846155e-001
19 21 -2.403846153846155e+000
21 19 -2.403846153846155e+000
19 181 -3.365384615384616e+000
181 19 -3.365384615384616e+000
19 182 -9.615384615384619e-001
182 19 -9.615384615384619e-001
19 183 1.019865548076924e+000
183 19 1.019865548076924e+000
19 223 -2.753808689049680e+000
223 19 -2.753808689049680e+000
19 224 9.615384615384620e-001
224 19 9.615384615384620e-001
19 225 2.403846153846155e+000
225 19 2.403846153846155e+000
19 340 -3.365384615384617e+000
340 19 -3.365384615384617e+000
19 341 9.615384615384619e-001
341 19 9.615384615384619e-001
19 342 9.615384615384619e-001
342 19 9.615384615384619e-001
19 415 1.393987958280447e+000
415 19 1.393987958280447e+000
19 416 -9.615384615384620e-001
416 19 -9.615384615384620e-001
19 417 -1.981404009615386e+000
417 19 -1.981404009615386e+000
20 20 1.000000000000000e+036
20 21 3.399551826923079e+000
21 20 3.399551826923079e+000
20 181 -1.442307692307693e+000
181 20 -1.442307692307693e+000
20 182 -9.615384615384619e-001
182 20 -9.615384615384619e-001
20 183 1.019865548076924e+000
183 20 1.019865548076924e+000
20 223 1.442307692307693e+000
223 20 1.442307692307693e+000
20 224 -1.758103004563645e+000
224 20 -1.758103004563645e+000
20 225 -2.039731096153847e+000
225 20 -2.039731096153847e+000
20 340 1.442307692307693e+000
340 20 1.442307692307693e+000
20 341 -9.615384615384619e-001
341 20 -9.615384615384619e-001
20 415 -1.442307692307693e+000
415 20 -1.442307692307693e+000
20 416 3.982822737944134e-001
416 20 3.982822737944134e-001
20 417 -1.019865548076924e+000
417 20 -1.019865548076924e+000
21 21 1.000000000000000e+036
21 181 6.799103653846158e-001
181 21 6.799103653846158e-001
21 182 6.799103653846158e-001
182 21 6.799103653846158e-001
21 183 -9.615384615384619e-001
183 21 -9.615384615384619e-001
21 223 2.403846153846155e+000
223 21 2.403846153846155e+000
21 224 -1.359820730769232e+000
224 21 -1.359820730769232e+000
21 225 -5.157654831486724e+000
225 21 -5.157654831486724e+000
21 340 1.442307692307693e+000
340 21 1.442307692307693e+000
21 342 -9.615384615384619e-001
342 21 -9.615384615384619e-001
21 415 -2.122218057692308e+000
415 21 -2.122218057692308e+000
21 416 -6.799103653846158e-001
416 21 -6.799103653846158e-001
21 417 3.982822737944134e-001
417 21 3.982822737944134e-001
22 22 1.000000000000000e+036
22 24 -3.399551826923079e+000
24 22 -3.399551826923079e+000
22 181 -9.615384615384619e-001
181 22 -9.615384615384619e-001
22 182 -1.442307692307693e+000
182 22 -1.442307692307693e+000
22 220 -1.359820730769232e+000
220 22 -1.359820730769232e+000
22 221 -5.307554125766976e-017
221 22 -5.307554125766976e-017
22 222 2.039731096153847e+000
222 22 2.039731096153847e+000
22 364 -9.615384615384619e-001
364 22 -9.615384615384619e-001
22 365 1.442307692307693e+000
365 22 1.442307692307693e+000
23 23 1.000000000000000e+036
23 181 -9.615384615384619e-001
181 23 -9.615384615384619e-001
23 182 -3.365384615384616e+000
182 23 -3.365384615384616e+000
23 183 9.615384615384619e-001
183 23 9.615384615384619e-001
23 220 -3.538369417177984e-017
220 23 -3.538369417177984e-017
23 221 -1.359820730769232e+000
221 23 -1.359820730769232e+000
23 222 2.220446049250313e-016
222 23 2.220446049250313e-016
23 364 9.615384615384619e-001
364 23 9.615384615384619e-001
23 365 -3.365384615384616e+000
365 23 -3.365384615384616e+000
23 366 -9.615384615384619e-001
366 23 -9.615384615384619e-001
24 24 1.000000000000000e+036
24 182 1.442307692307693e+000
182 24 1.442307692307693e+000
24 183 -9.615384615384619e-001
183 24 -9.615384615384619e-001
24 220 1.359820730769232e+000
220 24 1.359820730769232e+000
24 221 1.110223024625157e-016
221 24 1.110223024625157e-016
24 222 -4.759372557692311e+000
222 24 -4.759372557692311e+000
24 365 -1.442307692307693e+000
365 24 -1.442307692307693e+000
24 366 -9.615384615384619e-001
366 24 -9.615384615384619e-001
25 25 2.652699626444239e+001
25 26 -1.277430020444959e-002
26 25 -1.277430020444959e-002
25 27 -3.622032154812882e+000
27 25 -3.622032154812882e+000
25 61 -4.196116365384619e+000
61 25 -4.196116365384619e+000
25 63 -3.399551826923079e+000
63 25 -3.399551826923079e+000
25 184 -1.359820730769232e+000
184 25 -1.359820730769232e+000
25 186 1.359820730769232e+000
186 25 1.359820730769232e+000
25 262 -4.982673567307695e+000
262 25 -4.982673567307695e+000
25 263 -4.584391298076925e+000
263 25 -4.584391298076925e+000
25 286 -4.643114950485116e+000
286 25 -4.643114950485116e+000
25 287 4.519583708473780e+000
287 25 4.519583708473780e+000
25 288 4.440892098500626e-016
288 25 4.440892098500626e-016
25 289 -2.073468711546997e+000
289 25 -2.073468711546997e+000
25 290 -3.981454469239387e-002
290 25 -3.981454469239387e-002
25 291 2.111403245936461e+000
291 25 2.111403245936461e+000
25 451 2.098058182692309e+000
451 25 2.098058182692309e+000
25 452 2.574682211538464e-001
452 25 2.574682211538464e-001
25 453 -1.019865548076924e+000
453 25 -1.019865548076924e+000
25 460 3.269816779006476e+000
460 25 3.269816779006476e+000
25 461 1.194403492833357e+000
461 25 1.194403492833357e+000
25 462 1.231070192307693e-001
462 25 1.231070192307693e-001
25 463 3.982822737944136e-001
463 25 3.982822737944136e-001
25 464 -1.442307692307693e+000
464 25 -1.442307692307693e+000
25 465 1.019865548076924e+000
465 25 1.019865548076924e+000
25 583 2.098058182692309e+000
583 25 2.098058182692309e+000
25 584 -2.574682211538465e-001
584 25 -2.574682211538465e-001
25 585 -1.019865548076924e+000
585 25 -1.019865548076924e+000
25 652 -6.086520026455063e+000
652 25 -6.086520026455063e+000
25 653 5.927347773466841e-001
653 25 5.927347773466841e-001
25 654 1.699775913461539e+000
654 25 1.699775913461539e+000
26 26 2.279846258599125e+001
26 27 4.357552990436491e-001
27 26 4.357552990436491e-001
26 62 6.115759423076921e-001
62 26 6.115759423076921e-001
26 185 -1.359820730769232e+000
185 26 -1.359820730769232e+000
26 262 -3.622852836538463e+000
262 26 -3.622852836538463e+000
26 263 -9.790365875000004e+000
263 26 -9.790365875000004e+000
26 286 3.558045246935318e+000
286 26 3.558045246935318e+000
26 287 -9.162920021198506e+000
287 26 -9.162920021198506e+000
26 288 -2.132749711538466e-001
288 26 -2.132749711538466e-001
26 289 -3.981454469239409e-002
289 26 -3.981454469239409e-002
26 290 -3.575853182084315e+000
290 26 -3.575853182084315e+000
26 291 -2.849471209364605e-001
291 26 -2.849471209364605e-001
26 451 7.382374519230774e-001
451 26 7.382374519230774e-001
26 452 -3.057879711538459e-001
452 26 -3.057879711538459e-001
26 453 -1.981404009615386e+000
453 26 -1.981404009615386e+000
26 460 7.136342620641267e-001
460 26 7.136342620641267e-001
26 461 1.460985350001889e+000
461 26 1.460985350001889e+000
26 462 -8.713705096153848e-001
462 26 -8.713705096153848e-001
26 463 -9.615384615384619e-001
463 26 -9.615384615384619e-001
26 464 1.393987958280447e+000
464 26 1.393987958280447e+000
26 465 1.981404009615386e+000
465 26 1.981404009615386e+000
26 583 -7.382374519230774e-001
583 26 -7.382374519230774e-001
26 584 -3.057879711538460e-001
584 26 -3.057879711538460e-001
26 585 1.981404009615386e+000
585 26 1.981404009615386e+000
26 652 5.927347773466841e-001
652 26 5.927347773466841e-001
26 653 -1.316294034610131e+000
653 26 -1.316294034610131e+000
26 654 -1.699775913461539e+000
654 26 -1.699775913461539e+000
27 27 1.912059751205428e+001
27 61 -3.399551826923079e+000
61 27 -3.399551826923079e+000
27 62 1.110223024625157e-016
62 27 1.110223024625157e-016
27 63 -7.965645384615392e-001
63 27 -7.965645384615392e-001
27 184 2.039731096153847e+000
184 27 2.039731096153847e+000
27 186 -4.759372557692311e+000
186 27 -4.759372557692311e+000
27 264 -3.282897653846155e+000
264 27 -3.282897653846155e+000
27 286 3.330669073875470e-016
286 27 3.330669073875470e-016
27 287 -2.132749711538464e-001
287 27 -2.132749711538464e-001
27 288 -2.867675383795730e+000
288 27 -2.867675383795730e+000
27 289 1.431492880551846e+000
289 27 1.431492880551846e+000
27 290 -2.849471209364605e-001
290 27 -2.849471209364605e-001
27 291 -5.226091547137489e+000
291 27 -5.226091547137489e+000
